  pose: 
    position: 
      x: 9.23392638893
      y: -0.308637618274
      z: 0.0
    orientation: 
      x: 0.0
      y: 0.0
      z: 9.58737990923e-05
      w: 0.999999995404

