image_width: 640
image_height: 360
camera_name: narrow_stereo
camera_matrix:
  rows: 3
  cols: 3
  data: [606.034319, 0.000000, 299.877615, 0.000000, 606.192206, 249.772717, 0.000000, 0.000000, 1.000000]
distortion_model: plumb_bob
distortion_coefficients:
  rows: 1
  cols: 5
  data: [-0.429137, 0.197809, 0.000823, -0.001937, 0.000000]
rectification_matrix:
  rows: 3
  cols: 3
  data: [1.000000, 0.000000, 0.000000, 0.000000, 1.000000, 0.000000, 0.000000, 0.000000, 1.000000]
projection_matrix:
  rows: 3
  cols: 4
  data: [524.471069, 0.000000, 291.853060, 0.000000, 0.000000, 562.079895, 251.680136, 0.000000, 0.000000, 0.000000, 1.000000, 0.000000]
