image_width: 1280
image_height: 720
camera_name: narrow_stereo
camera_matrix:
  rows: 3
  cols: 3
  data: [845.650701, 0.000000, 622.620437, 0.000000, 847.216592, 353.965078, 0.000000, 0.000000, 1.000000]

distortion_model: plumb_bob
distortion_coefficients:
  rows: 1
  cols: 5
  data: [-0.415911, 0.136960, 0.003233, -0.002069, 0.000000]
rectification_matrix:
  rows: 3
  cols: 3
  data: [1.000000, 0.000000, 0.000000, 0.000000, 1.000000, 0.000000, 0.000000, 0.000000, 1.000000]
projection_matrix:
  rows: 3
  cols: 4
  data: [594.819824, 0.000000, 605.088941, 0.000000, 0.000000, 776.716370, 354.873839, 0.000000, 0.000000, 0.000000, 1.000000, 0.000000]
