image_width: 1920
image_height: 1080
camera_name: usb_cam
camera_matrix:
  rows: 3
  cols: 3
  data: [597.7829197305442, 0, 303.8712491152817, 0, 597.6533443556951, 215.362077955136, 0, 0, 1]
distortion_model: plumb_bob
distortion_coefficients:
  rows: 1
  cols: 5
  data: [-0.4093859529627993, 0.1702380009371796, 0.002053845636746445, 0.001861663096723553, 0]
rectification_matrix:
  rows: 3
  cols: 3
  data: [1, 0, 0, 0, 1, 0, 0, 0, 1]
projection_matrix:
  rows: 3
  cols: 4
  data: [519.0147094726562, 0, 300.3682005847804, 0, 0, 554.26123046875, 212.2278638054413, 0, 0, 0, 1, 0]
