image_width: 640
image_height: 480
camera_name: usb_cam
camera_matrix:
  rows: 3
  cols: 3
  data: [575.1128128547936, 0, 298.9390794106453, 0, 576.3952600969091, 237.8189165140945, 0, 0, 1]
distortion_model: plumb_bob
distortion_coefficients:
  rows: 1
  cols: 5
  data: [-0.397658201679596, 0.1562873192496375, -0.004964733921694706, -0.001636493744733633, 0]
rectification_matrix:
  rows: 3
  cols: 3
  data: [1, 0, 0, 0, 1, 0, 0, 0, 1]
projection_matrix:
  rows: 3
  cols: 4
  data: [493.372802734375, 0, 290.082946135517, 0, 0, 533.0703125, 235.4004475192633, 0, 0, 0, 1, 0]