image_width: 640
image_height: 480
camera_name: usb_cam
camera_matrix:
  rows: 3
  cols: 3
  data: [641.2619701069164, 0, 291.0823439746897, 0, 638.8007715222778, 237.7880228304883, 0, 0, 1]
distortion_model: plumb_bob
distortion_coefficients:
  rows: 1
  cols: 5
  data: [0.1347071751233036, -0.1441021595345171, -0.003202195534049401, -0.02200603632849512, 0]
rectification_matrix:
  rows: 3
  cols: 3
  data: [1, 0, 0, 0, 1, 0, 0, 0, 1]
projection_matrix:
  rows: 3
  cols: 4
  data: [656.8150634765625, 0, 280.0353517652657, 0, 0, 668.6117553710938, 236.675471333765, 0, 0, 0, 1, 0]