image_width: 640
image_height: 360
camera_name: narrow_stereo
camera_matrix:
  rows: 3
  cols: 3
  data: [546.345197, 0.000000, 317.051867, 0.000000, 548.313014, 168.963702, 0.000000, 0.000000, 1.000000]
distortion_model: plumb_bob
distortion_coefficients:
  rows: 1
  cols: 5
  data: [0.092267, -0.118162, -0.001610, 0.002779, 0.000000]
rectification_matrix:
  rows: 3
  cols: 3
  data: [1.000000, 0.000000, 0.000000, 0.000000, 1.000000, 0.000000, 0.000000, 0.000000, 1.000000]
projection_matrix:
  rows: 3
  cols: 4
  data: [556.680176, 0.000000, 318.685625, 0.000000, 0.000000, 559.674255, 168.369228, 0.000000, 0.000000, 0.000000, 1.000000, 0.000000]
