image_width: 640
image_height: 360
camera_name: usb_cam
camera_matrix:
  rows: 3
  cols: 3
  data: [532.7063100404453, 0, 326.3215561063662, 0, 533.703801643743, 189.0410192639692, 0, 0, 1]
distortion_model: plumb_bob
distortion_coefficients:
  rows: 1
  cols: 5
  data: [0.07303393249359866, -0.1297723884032393, 0.002085245327478678, -0.003793402853225258, 0]
rectification_matrix:
  rows: 3
  cols: 3
  data: [1, 0, 0, 0, 1, 0, 0, 0, 1]
projection_matrix:
  rows: 3
  cols: 4
  data: [538.0121459960938, 0, 324.2245787626089, 0, 0, 540.8015747070312, 189.6604934502193, 0, 0, 0, 1, 0]
